eval_loss = 0.1476590484380722
eval_accuracy_score = 0.9530994403788204
eval_precision = 0.698053417836125
eval_recall = 0.7280453257790368
eval_f1 = 0.712733995840074
